[1,["e0DPtuOAlEp5V/d8kaP5RI@9c9ed","82RI5rBJxPH5a5t6K8FSjk@9991c","82RI5rBJxPH5a5t6K8FSjk@a62fe","f6SJZOjTJB/JrJeh5xTdF7","12Y9dMgWdJKJGmTiZyQR9H@a804a","62C2vzA2lFYIN/KiwAtzwm","933OBXZuFKzKqvH3Wdv/+9","c59dffR/5No62e0yyMwjv2@f9941","33A5ScnyVL37pFn4I8qbXo@f9941","5bA4776d5NaIIEcBQgvLL8","97rU9HuHRM6ZTKSpOfZB2c@9991c","97rU9HuHRM6ZTKSpOfZB2c@a62fe","c89m0XNRpI2qEsAhLShXXE","52dA3LNSpEVrFBnwzFUtyx@4385c","52dA3LNSpEVrFBnwzFUtyx@e97c4","12M02dW7JNtKCvwv0maxW4@f9941","c60av7pDhDPasV/ZiWfDtp@9c9ed","f9XS+cKVxHhbC+eDRQW3bI@6c48a","47qVs4iAdB4JGjh0bc6cGZ","70LwLQ8tZB8Jm8J/mwHIov@f9941","admxBRrKxDtaoWpUMtYe4C@f9941","9cZ9DrTKtKBrAjCiM/ZsOz@f9941","ceC8Y288hH8ZD0U4gFnB2h@f9941","b71kKH3tZLGLoMVOCXtHOW@f9941","67daVoMSNKW79wmYR/bjSh@9991c","67daVoMSNKW79wmYR/bjSh@a62fe","6e6S4YkjtHsKGwbVptwpQn@9991c","6e6S4YkjtHsKGwbVptwpQn@a62fe","1foD+Z/uJI3ITMXGlUbp0t@e2349","1foD+Z/uJI3ITMXGlUbp0t@0b568","1foD+Z/uJI3ITMXGlUbp0t@ed341","a1RkZlX6xAzJwtbOjwxnc0@f9941","a4qPAD/FtJRK6ra3ygNxro","c6U08MzjNLm4C/98vz8Wyb@f9941","eadHiwQI1AUrcD8NI1Xglf","b5snqx50BDmLQHhI/CssiX@6c48a","0f0NdHoZhI4aiFUoj6Df/h@6c48a","52dA3LNSpEVrFBnwzFUtyx@0a1ef","52dA3LNSpEVrFBnwzFUtyx@e76d9","642AmGkh1KKb5m0TKMjYXi@6c48a","6e6S4YkjtHsKGwbVptwpQn@4f17a","82RI5rBJxPH5a5t6K8FSjk@4f17a","4e9bLDlEpNRoTRJY+3PbtE@6c48a","83VPWtA7tDGqxvPNxCxTru","aeJrXyiN9JDLRadfwvdf2A@f9941","c7sqPpKspKPKNNq5U5UHEf@f9941","0f0NdHoZhI4aiFUoj6Df/h@f9941","642AmGkh1KKb5m0TKMjYXi@f9941","84sN7f8/BCCb4ajir6OFXi@c03bc","483Pn589dJq7O3CFoRHfAf@6fbb0","483Pn589dJq7O3CFoRHfAf@438fe","1emvEda6tNA77DWHAehKGj","88KmLefYZL9ryFSfpavWkS","c9JHCSJvlB960StQlKUDgq@d51a4","483Pn589dJq7O3CFoRHfAf@18d6f","93NhnNSoBP6YSpBNwYqgt9@18d6f","6dSHhCLQhEnYLC1/7mRCMJ@18d6f","52dA3LNSpEVrFBnwzFUtyx@1043e","52dA3LNSpEVrFBnwzFUtyx@8fac0","cag24mZipD3qx6U2x+uXdp","911yED1wFHC4LYP/PrcDmj@7108f","911yED1wFHC4LYP/PrcDmj@438fe","911yED1wFHC4LYP/PrcDmj@18d6f","0fxZPiObxMf4E2Ir0BZdFH@18d6f","fahG9qnP9LSYxJNsl0p8y8@18d6f","a2bt/iEJRLAqB504I2OakN@18d6f","032MUhz4dHIIJJNHdCyTRJ@18d6f","c2ExXZdEFBH6RngttAPVng","caxiRPx79E0byeLV9nnQJ5","4fsYedwLpK3Y5z6Dt5HD8l","4adGJa2BJAspuTzAtHAtzC","87btFqKz5HLIRdtKpY69hI@1094c","1eiU+j+v1CXIHf4QSDdZyA@da88d","1eiU+j+v1CXIHf4QSDdZyA@27c93","1eiU+j+v1CXIHf4QSDdZyA@0ee4f","1eiU+j+v1CXIHf4QSDdZyA@16ef1","1eiU+j+v1CXIHf4QSDdZyA@c1d4f","1eiU+j+v1CXIHf4QSDdZyA@2409c","b7SEvllmtFkbdzGYaRSSI4@fa7fb","abvFrFlcNFhKbe+XVVpHmD@23c07","c2Rv3bugxMwI+811AIl1Fa@9991c","c2Rv3bugxMwI+811AIl1Fa@a62fe","ddS6rN9pRElYmXfMsxkEz/@5fd46","1744DXj2hNUpfIyUintgZG@9ccfa","f5C0DpPIpE2Inf0ggUOBoV@5e33a","feBIcVRK9FLZuw7GpWJKCT","12Y9dMgWdJKJGmTiZyQR9H@2e76e","99GufIjMFH3bIZDIIlGEPG@b47c0","6fAc9/gb9Kfr1dCvwZaWSA@b47c0","bbsbOtBPBJmYCRJXI6SyVO@b47c0","afqTYwkh1GSpWwGET8/k03","a25Xsz9sVON7pvO+j1D3g9","69lMtY1S1KN4MXdhBXRk8z","denQW0OUlPnKBKax6R6j4t@f9941","abvFrFlcNFhKbe+XVVpHmD@9991c","abvFrFlcNFhKbe+XVVpHmD@a62fe","abvFrFlcNFhKbe+XVVpHmD@4f17a","aeJrXyiN9JDLRadfwvdf2A@6c48a","b7SEvllmtFkbdzGYaRSSI4@4f17a","b7SEvllmtFkbdzGYaRSSI4@9991c","b7SEvllmtFkbdzGYaRSSI4@a62fe","c6U08MzjNLm4C/98vz8Wyb@6c48a","c60av7pDhDPasV/ZiWfDtp@4f17a","c60av7pDhDPasV/ZiWfDtp@9991c","c60av7pDhDPasV/ZiWfDtp@a62fe","b9EU2utvxMOK3RmcIc57ms@6c48a","84sN7f8/BCCb4ajir6OFXi@cc74e","65TSqdLe5DkZ5ggmEL7jly@aeaac","8b7MiMvU5KgYVts56kN0Zu@e338c","8b7MiMvU5KgYVts56kN0Zu@b31f4","8b7MiMvU5KgYVts56kN0Zu@942a5","ddS6rN9pRElYmXfMsxkEz/@9991c","ddS6rN9pRElYmXfMsxkEz/@a62fe","ddS6rN9pRElYmXfMsxkEz/@4f17a","denQW0OUlPnKBKax6R6j4t@6c48a","e0DPtuOAlEp5V/d8kaP5RI@4f17a","e0DPtuOAlEp5V/d8kaP5RI@9991c","e0DPtuOAlEp5V/d8kaP5RI@a62fe","d1NGQ2rJZCcbhjH0/erZWw","f5C0DpPIpE2Inf0ggUOBoV@9991c","f5C0DpPIpE2Inf0ggUOBoV@a62fe","f5C0DpPIpE2Inf0ggUOBoV@4f17a","72ZumNgtFEF6whJPlDgDnf@6c48a"],["node","_mesh","root","asset","_parent","targetInfo","_spriteFrame","_effectAsset","mainTexture","_font","value","data","healthFill","_textureSource","_target","_skeleton","spawnPoint","skeletalAnimation","joystick","_cameraComponent","button","_particleSystem","scene","_cpuMaterial","_mainTexture","lineMaterial","cubePrefab","damageTextPrefab","healthIcon","damageIcon","armorIcon","attackSpeedIcon","moveSpeedIcon","radiusAttackIcon","_envmapHDR","_envmapLDR","_diffuseMapHDR","_editableMaterial","joystickBackgroundPrefab","joystickHandlePrefab"],[["cc.Node",["_name","_layer","_id","_active","_objFlags","__editorExtras__","_parent","_components","_lpos","_children","_lscale","_lrot","_euler","_prefab"],-3,1,9,5,2,5,5,5,4],["cc.Sprite",["_sizeMode","_type","_enabled","_fillRange","node","_spriteFrame","_color","__prefab"],-1,1,6,5,4],["cc.Label",["_actualFontSize","_string","_fontSize","_lineHeight","_isSystemFontUsed","_enableOutline","_isBold","_outlineWidth","_horizontalAlign","node","_font","_color"],-6,1,6,5],["cc.Widget",["_alignFlags","_originalWidth","_originalHeight","_bottom","_left","_right","_top","_isAbsTop","_alignMode","node"],-6,1],["cc.MeshRenderer",["_name","_enabled","_shadowReceivingMode","node","bakeSettings","_mesh","_materials","__prefab"],0,1,4,6,3,4],["cc.Node",["_name","_layer","_id","_parent","_components","_lpos","_children","_lscale","_lrot","_euler"],0,1,12,5,2,5,5,5],["cc.BoxCollider",["_isTrigger","node","_center","_size"],2,1,5,5],"cc.SpriteFrame",["cc.Material",["_defines","_name","_states","_props"],0,12],["cc.Node",["_name","_active","_parent","_components","_children","_lpos"],1,1,2,2,5],["cc.Node",["_name","_children","_lpos","_lrot","_euler","_parent"],2,9,5,5,5,1],["cc.UITransform",["node","_contentSize","__prefab"],3,1,5,4],["cc.GradientRange",["_mode","color","gradient"],2,5,4],["cc.CurveRange",["constant","mode","spline"],1,4],["59edemHdtxNhqXNYJ5FO0pD",["zoneId","oneTimeSpawn","node"],1,1],["cc.Node",["_name","_children","_lpos","_lrot","_euler","_components","_lscale"],2,12,5,5,5,9,5],["cc.RigidBody",["node","_angularFactor"],3,1,5],["4d10a14lDFOkICeWV4Yb7qO",["hitFlashDuration","damageTextRiseHeight","attackSpeed","isPlayer","maxHP","attackRadius","node","hitFlashColor","damageTextPrefab"],-3,1,5,6],["cc.PrefabInfo",["fileId","nestedPrefabInstanceRoots","targetOverrides","root","instance","asset"],0,1,4,6],["cc.Camera",["_orthoHeight","_clearFlags","_visibility","_fov","_projection","_priority","_far","node","_color"],-4,1,5],["cc.SkeletalAnimation",["playOnLoad","_useBakedAnimation","node","_clips","_sockets"],1,1,3,9],["cc.Mask",["_inverted","_type","node"],1,1],["cc.ModelBakeSettings",["_receiveShadow"],2],["cc.PrefabInstance",["fileId","prefabRootNode","propertyOverrides","mountedComponents"],1,9,9],["cc.SkinnedMeshRenderer",["_shadowCastingMode","_shadowReceivingMode","node","_materials","bakeSettings","_skinningRoot","_mesh","_skeleton"],1,1,3,4,1,6,6],["cc.ColorKey",["time"],2],["cc.AlphaKey",["alpha","time"],1],["cc.Mesh",["_native","_hash","_struct"],1,11],["cc.Skeleton",["_name","_hash","_joints","_bindposes"],0,12],["cc.TTFFont",["_name","_native"],1],["cc.SceneAsset",["_name"],2],["cc.CapsuleCollider",["_radius","_cylinderHeight","node","_center"],1,1,5],["cc.MotionStreak",["node"],3,1],["925d96dCNBAE6h6SEtE6gQ+",["node","spawnPoint","cubePrefab"],3,1,1,6],["d66d2vQ4VBFmI/xSmbfLF21",["node","skeletalAnimation"],3,1,1],["d3fb1pAde5MPLtQOmVNsd0z",["node","joystick"],3,1,1],["12453XpI1xJ8KwV8OPcK7ij",["node"],3,1],["fe030NY2C5AC74Yu17jtwQy",["node"],3,1],["00471bq8V1Hp5ihmMLOs1Fh",["node"],3,1],["cc.Scene",["_name","_children","_prefab","_globals"],2,12,4,4],["cc.PrefabInfo",["root","asset","fileId","instance","targetOverrides","nestedPrefabInstanceRoots"],-1,9,2],["cc.PrefabInfo",["fileId","instance","targetOverrides","nestedPrefabInstanceRoots","root","asset"],-1,1,1],["cc.TargetOverrideInfo",["propertyPath","source","sourceInfo","target","targetInfo"],2,1,4,1,4],["cc.TargetInfo",["localID"],2],["cc.SceneGlobals",["ambient","shadows","_skybox","fog","octree","skin","lightProbeInfo","postSettings"],3,4,4,4,4,4,4,4,4],["cc.AmbientInfo",["_skyIllumLDR","_skyColorHDR","_groundAlbedoHDR","_skyColorLDR","_groundAlbedoLDR"],2,5,5,5,5],["cc.ShadowsInfo",["_enabled","_distance","_shadowColor","_size"],1,5,5],["cc.SkyboxInfo",["_enabled","_rotationAngle","_envmapHDR","_envmapLDR","_diffuseMapHDR","_editableMaterial"],1,6,6,6,6],["cc.FogInfo",["_fogStart","_fogEnd","_fogColor"],1,5],["cc.OctreeInfo",[],3],["cc.SkinInfo",[],3],["cc.LightProbeInfo",[],3],["cc.PostSettingsInfo",[],3],["cc.Canvas",["node","_cameraComponent"],3,1,1],["009fe0qQtBFu6/1tugle9kg",["node","optionContainers"],3,1,2],["cc.SphereCollider",["node","_center"],3,1,5],["7ed4dkMEMVL6KsYy//Ag3BH",["node","button"],3,1,1],["cc.Button",["_transition","node","_normalColor","_hoverColor","_pressedColor","_disabledColor","_target"],2,1,5,5,5,5,1],["bc1be4bE5ZMeY1nKeOWZ/3M",["node","healthFill","camera"],3,1,1,1],["cc.RenderRoot2D",["node"],3,1],["41b25WGxHRMTrdEBqHLaeoe",["node"],3,1],["cc.Layout",["_resizeMode","_layoutType","node"],1,1],["cc.Graphics",["node","_fillColor"],3,1,5],["cc.MeshRenderer",["_shadowCastingMode","_materials","node","bakeSettings"],1,1,4],["a71b7GWwUxIC6sbvvJLSV5x",["node"],3,1],["7d16f33KhdId7Hd/uY6MDJg",["rotateTime","node"],2,1],["CCPropertyOverrideInfo",["value","propertyPath","targetInfo"],1,1],["CCPropertyOverrideInfo",["propertyPath","targetInfo","value"],2,1,8],["CCPropertyOverrideInfo",["propertyPath","targetInfo","value"],2,1,6],["CCPropertyOverrideInfo",["value","propertyPath","targetInfo"],1,4],["CCPropertyOverrideInfo",["propertyPath","targetInfo","value"],2,4,8],["b1ed4F2ngJCKIU7D6e0cTtR",["node","target","offset"],3,1,1,5],["2f3d9rpbC5PgKmg7xheVraS",["coneAngle","segments","node","lineMaterial"],1,1,6],["cc.MountedComponentsInfo",["targetInfo","components"],3,4,9],["cc.PlaneCollider",["node"],3,1],["67a13tFuSdNGo8wntiAGthr",["node","player"],3,1,1],["d1c6abbotZONYq6TGqJh+d9",["bossTimerDuration","meleeZonesCount","rangeZonesCount","node","upgradeSelectionPanel","upgradeNotification","timerUI","meleeZonesContainer","rangeZonesContainer","bossZonesContainer","winScreen","defeatScreen","healthIcon","damageIcon","armorIcon","attackSpeedIcon","moveSpeedIcon","radiusAttackIcon"],0,1,1,1,1,1,1,1,1,1,6,6,6,6,6,6],["a60a5N2sGJA46vnHvfc6Di6",["node","canvas"],3,1,1],["cc.CompPrefabInfo",["fileId"],2],["cc.ParticleSystem",["duration","simulationSpeed","_capacity","_simulationSpace","node","_materials","startColor","startSizeX","startSizeY","startSizeZ","startSpeed","startRotationX","startRotationY","startRotationZ","startDelay","startLifetime","gravityModifier","rateOverTime","rateOverDistance","_colorOverLifetimeModule","_shapeModule","_sizeOvertimeModule","_velocityOvertimeModule","_forceOvertimeModule","_limitVelocityOvertimeModule","_rotationOvertimeModule","_textureAnimationModule","_noiseModule","_trailModule","renderer"],-1,1,12,4,4,4,4,4,4,4,4,4,4,4,4,4,4,4,4,4,4,4,4,4,4,4,4],["cc.ColorOvertimeModule",["_enable","color"],2,4],["cc.Gradient",["colorKeys","alphaKeys"],3,9,9],["cc.ShapeModule",["_shapeType","arcSpeed","_rotation"],2,4,5],["cc.SizeOvertimeModule",["size","x","y","z"],3,4,4,4,4],["cc.VelocityOvertimeModule",["x","y","z","speedModifier"],3,4,4,4,4],["cc.ForceOvertimeModule",["x","y","z"],3,4,4,4],["cc.LimitVelocityOvertimeModule",["limitX","limitY","limitZ","limit"],3,4,4,4,4],["cc.RotationOvertimeModule",["x","y","z"],3,4,4,4],["cc.TextureAnimationModule",["frameOverTime","startFrame"],3,4,4],["cc.RealCurve",["_times","_values"],2,9],["cc.RealKeyframeValue",["interpolationMode","value"],1],["cc.NoiseModule",[],3],["cc.TrailModule",["lifeTime","widthRatio","colorOverTrail","colorOvertime","_particleSystem"],3,4,4,4,4,1],["cc.ParticleSystemRenderer",["_cpuMaterial","_mainTexture"],3,6,6],["cc.SkeletalAnimation.Socket",["path","target"],2,1],["cc.DirectionalLight",["_colorTemperature","node","_color","_staticSettings"],2,1,5,4],["cc.StaticLightSettings",["_castShadow"],2],["cc.Prefab",["_name"],2]],[[67,0,1,2,2],[43,0,2],[22,1],[4,3,6,4,5,1],[11,0,1,1],[70,0,1,2,2],[0,4,5,6,13,3],[23,0,1,2,3],[18,0,2,1,3,4,5,4],[66,0,1,2,3],[0,0,6,9,8,11,12,2],[6,1,2,3,1],[13,1],[8,1,2,0,3,4],[27,0,1,2,3],[0,0,6,7,8,2],[4,0,1,3,6,4,5,3],[0,0,6,7,8,10,2],[0,0,6,7,8,11,10,12,2],[41,0,1,2,3,4,5,5],[6,1,3,1],[0,0,1,6,7,3],[0,0,6,7,2],[0,0,6,9,8,10,2],[68,0,1,2,2],[78,0,2],[3,0,1,2,9,4],[4,3,7,6,4,5,1],[69,0,1,2,3],[97,0,2],[0,0,1,6,9,7,8,3],[0,0,1,6,7,8,3],[0,0,9,7,8,2],[0,0,6,8,11,12,2],[13,0,2],[0,0,6,9,8,2],[0,0,3,1,6,7,8,4],[0,0,9,13,2],[0,0,6,7,13,2],[16,0,1],[1,1,0,4,6,5,3],[1,0,4,6,5,2],[58,0,1,2,1],[2,1,0,2,3,4,6,9,10,7],[0,0,3,1,6,9,7,4],[0,0,6,8,2],[0,0,3,6,7,8,11,10,12,3],[10,0,5,1,2,3,4,2],[1,1,0,4,5,3],[1,1,0,3,4,6,4],[0,0,2,6,9,3],[0,0,6,9,7,8,11,12,2],[1,4,5,1],[57,0,1,2,3,4,5,6,2],[59,0,1],[2,1,0,2,3,4,6,9,11,10,7],[6,1,1],[63,0,1,2,3,3],[8,2,0,3,3],[0,0,6,9,2],[0,0,9,7,2],[0,0,6,7,8,11,12,2],[0,0,3,2,6,9,7,8,4],[5,0,3,4,5,7,2],[11,0,1],[17,4,5,0,1,6,7,5],[18,0,1,2,3,4,5,4],[3,0,3,9,3],[55,0,1,1],[75,0,1,1],[28,0,1,2,3,4],[29,0,1,3],[0,0,1,9,7,3],[0,0,1,6,9,7,3],[0,0,1,6,9,7,10,3],[0,0,6,9,7,8,2],[0,0,3,1,6,7,10,4],[5,0,1,3,4,3],[10,0,5,1,2,2],[42,0,1,2,3,4,2],[3,0,9,2],[3,0,6,7,9,4],[3,0,4,5,6,3,1,2,9,8],[1,2,1,0,4,6,5,4],[1,0,4,5,2],[21,1,0,2,3],[4,0,3,6,4,5,2],[23,0,1,3,2,3],[73,0,1,1],[12,1],[90,0,1,3],[8,1,0,3,3],[30,0,2],[0,0,2,9,10,3],[0,0,2,9,7,3],[0,0,2,6,8,3],[0,0,1,2,6,9,7,8,4],[0,0,1,9,7,8,3],[0,0,3,6,9,7,8,10,3],[0,0,6,9,7,8,10,2],[0,0,9,8,2],[0,0,9,11,12,2],[0,0,9,8,11,12,2],[0,0,3,6,9,7,3],[0,0,1,6,7,8,10,3],[0,0,3,6,7,8,3],[0,0,7,8,2],[0,0,2,6,7,8,10,3],[0,0,2,6,7,3],[0,0,3,6,7,10,3],[0,0,6,9,8,11,10,12,2],[0,0,6,7,11,10,12,2],[0,0,6,8,10,2],[0,0,6,9,11,12,2],[0,0,2,6,7,8,11,12,3],[0,0,2,6,9,11,12,3],[0,0,2,6,9,10,3],[0,0,1,7,13,8,3],[0,0,9,7,13,10,2],[0,0,3,6,7,13,8,11,10,12,3],[0,0,6,7,13,11,10,12,2],[5,0,1,3,6,4,5,3],[5,0,3,6,4,5,7,2],[5,0,1,3,4,5,3],[5,0,2,3,4,5,8,9,3],[9,0,2,4,3,2],[9,0,2,3,5,2],[9,0,1,2,3,3],[15,0,1,2,3,4,2],[15,0,1,5,2,6,2],[10,0,1,2,3,4,2],[31,0,1,2,3,3],[16,0,1,1],[11,0,2,1,1],[32,0,1],[33,0,1,2,1],[34,0,1,1],[35,0,1,1],[36,0,1],[17,2,0,3,1,6,7,8,5],[37,0,1],[38,0,1],[39,0,1,2,3,2],[40,0,1,2,3,4,5,5],[44,0,1,2,3,4,5,6,7,1],[45,0,1,2,3,4,2],[46,0,1,2,3,3],[47,0,1,2,3,4,5,3],[48,0,1,2,3],[49,1],[50,1],[51,1],[52,1],[53,0,1,1],[3,0,4,5,1,2,9,6],[3,0,1,9,3],[3,0,1,2,8,9,5],[1,2,4,6,5,2],[1,1,0,3,4,4],[1,0,4,7,6,5,2],[54,0,1,1],[56,0,1,1],[19,3,0,1,2,5],[19,4,5,0,6,1,2,7,8,7],[60,0,1],[61,0,1,2,3],[20,0,1,2,3,3],[20,2,3,4,1],[21,0,2,2],[2,1,0,2,3,5,7,9,7],[2,0,2,3,5,9,5],[2,1,8,0,2,3,4,6,9,11,10,8],[2,1,0,2,3,5,9,6],[2,1,0,9,3],[2,1,0,2,4,9,10,5],[2,0,9,2],[62,0,1,1],[6,0,1,2],[6,2,3,1],[6,2,1],[4,1,3,4,5,2],[4,2,3,6,4,5,2],[4,0,1,3,7,6,4,5,3],[4,0,3,7,6,4,5,2],[22,0,2],[64,0,1],[65,0,1,2],[71,0,1,2,1],[72,0,1,2,3,3],[74,0,1],[76,0,1,2,3,4,5,6,7,8,9,10,11,12,13,14,15,16,17,4],[77,0,1,1],[24,0,2,3,4,5,6,7,2],[24,0,1,2,3,4,5,6,7,3],[79,0,1,2,3,4,5,6,7,8,9,10,11,12,13,14,15,16,17,18,19,20,21,22,23,24,25,26,27,28,29,5],[12,1,1],[12,0,2,2],[13,1,2,2],[80,0,1,2],[81,0,1,1],[25,1],[25,0,2],[26,0,2],[26,0,1,3],[82,0,1,2,2],[83,0,1,2,3,1],[84,0,1,2,3,1],[85,0,1,2,1],[86,0,1,2,3,1],[87,0,1,2,1],[88,0,1,1],[89,0,1,2],[91,1],[92,0,1,2,3,4,1],[93,0,1,1],[94,0,1,2],[14,2,1],[14,0,2,2],[14,0,1,2,3],[95,0,1,2,3,2],[96,0,2]],[[[{"name":"ribbon_title_panel_green","rect":{"x":3,"y":0,"width":113,"height":102},"offset":{"x":1.5,"y":0},"originalSize":{"width":116,"height":102},"rotated":false,"capInsets":[44,0,46,0],"vertices":{"rawPosition":[-56.5,-51,0,56.5,-51,0,-56.5,51,0,56.5,51,0],"indexes":[0,1,2,2,1,3],"uv":[3,102,116,102,3,0,116,0],"nuv":[0.02586206896551724,0,1,0,0.02586206896551724,1,1,1],"minPos":{"x":-56.5,"y":-51,"z":0},"maxPos":{"x":56.5,"y":51,"z":0}},"packable":true,"pixelsToUnit":100,"pivot":{"x":0.5,"y":0.5},"meshType":0}],[7],0,[0],[13],[36]],[[[14,".bin",2489017538,[{"primitives":[{"primitiveMode":7,"vertexBundelIndices":[0],"indexView":{"offset":6776,"length":1200,"count":600,"stride":2}}],"vertexBundles":[{"view":{"offset":0,"length":6776,"count":121,"stride":56},"attributes":[{"name":"a_position","format":32,"isNormalized":false},{"name":"a_normal","format":32,"isNormalized":false},{"name":"a_texCoord","format":21,"isNormalized":false},{"name":"a_tangent","format":44,"isNormalized":false},{"name":"a_texCoord1","format":21,"isNormalized":false}]}]},"minPosition",8,[1,-5,0,-5],"maxPosition",8,[1,5,0,5]]],-1],0,0,[],[],[]],[[[13,"_defaultMat",[{"rasterizerState":{},"blendState":{"targets":[{}]},"depthStencilState":{}}],[{"DCC_APP_NAME":0}],[[[{"albedoScale":1,"specularFactor":1,"shininessExponent":20,"emissiveScale":1},"mainColor",8,[4,4294967295],"specularColor",8,[4,4286348412],"emissive",8,[4,4278190080]]],11]]],0,0,[0],[7],[3]],[[[13,"metal",[{"rasterizerState":{},"blendState":{"targets":[{}]},"depthStencilState":{}}],[{"DCC_APP_NAME":0}],[[[{"albedoScale":1,"specularFactor":1,"shininessExponent":20,"emissiveScale":1},"mainColor",8,[4,4294308077],"specularColor",8,[4,4286348412],"emissive",8,[4,4278190080]]],11]]],0,0,[0],[7],[3]],[[[14,".bin",1665771582,[{"primitives":[{"primitiveMode":7,"vertexBundelIndices":[0],"indexView":{"offset":10176,"length":828,"count":414,"stride":2}},{"primitiveMode":7,"vertexBundelIndices":[1],"indexView":{"offset":12732,"length":108,"count":54,"stride":2}},{"primitiveMode":7,"vertexBundelIndices":[2],"indexView":{"offset":14376,"length":84,"count":42,"stride":2}},{"primitiveMode":7,"vertexBundelIndices":[3],"indexView":{"offset":20604,"length":528,"count":264,"stride":2}},{"primitiveMode":7,"vertexBundelIndices":[4],"indexView":{"offset":21900,"length":96,"count":48,"stride":2}}],"vertexBundles":[{"view":{"offset":0,"length":10176,"count":212,"stride":48},"attributes":[{"name":"a_position","format":32,"isNormalized":false},{"name":"a_normal","format":32,"isNormalized":false},{"name":"a_texCoord","format":21,"isNormalized":false},{"name":"a_tangent","format":44,"isNormalized":false}]},{"view":{"offset":11004,"length":1728,"count":36,"stride":48},"attributes":[{"name":"a_position","format":32,"isNormalized":false},{"name":"a_normal","format":32,"isNormalized":false},{"name":"a_texCoord","format":21,"isNormalized":false},{"name":"a_tangent","format":44,"isNormalized":false}]},{"view":{"offset":12840,"length":1536,"count":32,"stride":48},"attributes":[{"name":"a_position","format":32,"isNormalized":false},{"name":"a_normal","format":32,"isNormalized":false},{"name":"a_texCoord","format":21,"isNormalized":false},{"name":"a_tangent","format":44,"isNormalized":false}]},{"view":{"offset":14460,"length":6144,"count":128,"stride":48},"attributes":[{"name":"a_position","format":32,"isNormalized":false},{"name":"a_normal","format":32,"isNormalized":false},{"name":"a_texCoord","format":21,"isNormalized":false},{"name":"a_tangent","format":44,"isNormalized":false}]},{"view":{"offset":21132,"length":768,"count":16,"stride":48},"attributes":[{"name":"a_position","format":32,"isNormalized":false},{"name":"a_normal","format":32,"isNormalized":false},{"name":"a_texCoord","format":21,"isNormalized":false},{"name":"a_tangent","format":44,"isNormalized":false}]}]},"minPosition",8,[1,-0.3441888093948364,-8.014827287931921e-32,-0.25],"maxPosition",8,[1,0.3441888093948364,0.6164647936820984,0.3164648115634918]]],-1],0,0,[],[],[]],[[[13,"dark",[{"rasterizerState":{},"blendState":{"targets":[{}]},"depthStencilState":{}}],[{"DCC_APP_NAME":0}],[[[{"albedoScale":1,"specularFactor":1,"shininessExponent":20,"emissiveScale":1},"mainColor",8,[4,4288582799],"specularColor",8,[4,4286348412],"emissive",8,[4,4278190080]]],11]]],0,0,[0],[7],[3]],[[[13,"metalRed",[{"rasterizerState":{},"blendState":{"targets":[{}]},"depthStencilState":{}}],[{"DCC_APP_NAME":0}],[[[{"albedoScale":1,"specularFactor":1,"shininessExponent":20,"emissiveScale":1},"mainColor",8,[4,4286370047],"specularColor",8,[4,4286348412],"emissive",8,[4,4278190080]]],11]]],0,0,[0],[7],[3]],[[[13,"metalDark",[{"rasterizerState":{},"blendState":{"targets":[{}]},"depthStencilState":{}}],[{"DCC_APP_NAME":0}],[[[{"albedoScale":1,"specularFactor":1,"shininessExponent":20,"emissiveScale":1},"mainColor",8,[4,4293188566],"specularColor",8,[4,4286348412],"emissive",8,[4,4278190080]]],11]]],0,0,[0],[7],[3]],[[[13,"hat_player_color_1",[{"rasterizerState":{},"depthStencilState":{},"blendState":{"targets":[{}]}},{"rasterizerState":{},"depthStencilState":{},"blendState":{"targets":[{}]}},{"rasterizerState":{},"depthStencilState":{},"blendState":{"targets":[{}]}},{"rasterizerState":{},"depthStencilState":{},"blendState":{"targets":[{}]}},{"rasterizerState":{},"depthStencilState":{},"blendState":{"targets":[{}]}},{"rasterizerState":{},"depthStencilState":{},"blendState":{"targets":[{}]}}],[{"IS_ANISOTROPY":true},{},{},{},{},{}],[[[{"roughness":0.496,"specularIntensity":0.109},"mainColor",8,[4,4282203453]],{},{},{},{},{}],11,0,0,0,0,0]]],0,0,[0],[7],[12]],[[[14,".bin",1974923912,[{"primitives":[{"primitiveMode":7,"vertexBundelIndices":[0],"indexView":{"offset":424512,"length":88896,"count":44448,"stride":2}},{"primitiveMode":7,"vertexBundelIndices":[1],"indexView":{"offset":966336,"length":88080,"count":44040,"stride":2}}],"vertexBundles":[{"view":{"offset":0,"length":424512,"count":8844,"stride":48},"attributes":[{"name":"a_position","format":32,"isNormalized":false},{"name":"a_normal","format":32,"isNormalized":false},{"name":"a_texCoord","format":21,"isNormalized":false},{"name":"a_tangent","format":44,"isNormalized":false}]},{"view":{"offset":513408,"length":452928,"count":9436,"stride":48},"attributes":[{"name":"a_position","format":32,"isNormalized":false},{"name":"a_normal","format":32,"isNormalized":false},{"name":"a_texCoord","format":21,"isNormalized":false},{"name":"a_tangent","format":44,"isNormalized":false}]}]},"minPosition",8,[1,-0.0011292326962575316,-0.0010933891171589494,-0.001090440433472395],"maxPosition",8,[1,0.0011292326962575316,0.0011053791968151927,0.0019981309305876493]]],-1],0,0,[],[],[]],[[[14,".bin",1879796106,[{"primitives":[{"primitiveMode":7,"vertexBundelIndices":[0],"indexView":{"offset":99024,"length":19968,"count":9984,"stride":2}},{"primitiveMode":7,"vertexBundelIndices":[1],"indexView":{"offset":216912,"length":19968,"count":9984,"stride":2}}],"vertexBundles":[{"view":{"offset":0,"length":99024,"count":2063,"stride":48},"attributes":[{"name":"a_position","format":32,"isNormalized":false},{"name":"a_normal","format":32,"isNormalized":false},{"name":"a_texCoord","format":21,"isNormalized":false},{"name":"a_tangent","format":44,"isNormalized":false}]},{"view":{"offset":118992,"length":97920,"count":2040,"stride":48},"attributes":[{"name":"a_position","format":32,"isNormalized":false},{"name":"a_normal","format":32,"isNormalized":false},{"name":"a_texCoord","format":21,"isNormalized":false},{"name":"a_tangent","format":44,"isNormalized":false}]}]},"minPosition",8,[1,-0.006398211233317852,-0.006627948954701424,-0.002991689834743738],"maxPosition",8,[1,0.006398211698979139,0.006006402894854546,0.006605330854654312]]],-1],0,0,[],[],[]],[[[14,".bin",3108609692,[{"primitives":[{"primitiveMode":7,"vertexBundelIndices":[0],"indexView":{"offset":32448,"length":6504,"count":3252,"stride":2}},{"primitiveMode":7,"vertexBundelIndices":[1],"indexView":{"offset":71400,"length":6504,"count":3252,"stride":2}}],"vertexBundles":[{"view":{"offset":0,"length":32448,"count":676,"stride":48},"attributes":[{"name":"a_position","format":32,"isNormalized":false},{"name":"a_normal","format":32,"isNormalized":false},{"name":"a_texCoord","format":21,"isNormalized":false},{"name":"a_tangent","format":44,"isNormalized":false}]},{"view":{"offset":38952,"length":32448,"count":676,"stride":48},"attributes":[{"name":"a_position","format":32,"isNormalized":false},{"name":"a_normal","format":32,"isNormalized":false},{"name":"a_texCoord","format":21,"isNormalized":false},{"name":"a_tangent","format":44,"isNormalized":false}]}]},"minPosition",8,[1,-0.0008395496988669038,-0.0010661553824320436,-0.0011398151982575655],"maxPosition",8,[1,0.0008395492914132774,0.0010881978087127209,0.00122419826220721]]],-1],0,0,[],[],[]],[[[70,"Skin-0",2151720210,["mixamorig:Hips/mixamorig:Spine/mixamorig:Spine1/mixamorig:Spine2/mixamorig:Neck","mixamorig:Hips/mixamorig:Spine/mixamorig:Spine1/mixamorig:Spine2/mixamorig:Neck/mixamorig:Head","mixamorig:Hips/mixamorig:Spine/mixamorig:Spine1/mixamorig:Spine2","mixamorig:Hips/mixamorig:LeftUpLeg","mixamorig:Hips/mixamorig:RightUpLeg","mixamorig:Hips","mixamorig:Hips/mixamorig:Spine/mixamorig:Spine1/mixamorig:Spine2/mixamorig:LeftShoulder","mixamorig:Hips/mixamorig:Spine/mixamorig:Spine1/mixamorig:Spine2/mixamorig:LeftShoulder/mixamorig:LeftArm","mixamorig:Hips/mixamorig:Spine/mixamorig:Spine1","mixamorig:Hips/mixamorig:Spine","mixamorig:Hips/mixamorig:LeftUpLeg/mixamorig:LeftLeg","mixamorig:Hips/mixamorig:LeftUpLeg/mixamorig:LeftLeg/mixamorig:LeftFoot","mixamorig:Hips/mixamorig:LeftUpLeg/mixamorig:LeftLeg/mixamorig:LeftFoot/mixamorig:LeftToeBase","mixamorig:Hips/mixamorig:Spine/mixamorig:Spine1/mixamorig:Spine2/mixamorig:LeftShoulder/mixamorig:LeftArm/mixamorig:LeftForeArm","mixamorig:Hips/mixamorig:Spine/mixamorig:Spine1/mixamorig:Spine2/mixamorig:LeftShoulder/mixamorig:LeftArm/mixamorig:LeftForeArm/mixamorig:LeftHand","mixamorig:Hips/mixamorig:Spine/mixamorig:Spine1/mixamorig:Spine2/mixamorig:LeftShoulder/mixamorig:LeftArm/mixamorig:LeftForeArm/mixamorig:LeftHand/mixamorig:LeftHandIndex1","mixamorig:Hips/mixamorig:Spine/mixamorig:Spine1/mixamorig:Spine2/mixamorig:LeftShoulder/mixamorig:LeftArm/mixamorig:LeftForeArm/mixamorig:LeftHand/mixamorig:LeftHandIndex1/mixamorig:LeftHandIndex2","mixamorig:Hips/mixamorig:Spine/mixamorig:Spine1/mixamorig:Spine2/mixamorig:LeftShoulder/mixamorig:LeftArm/mixamorig:LeftForeArm/mixamorig:LeftHand/mixamorig:LeftHandIndex1/mixamorig:LeftHandIndex2/mixamorig:LeftHandIndex3","mixamorig:Hips/mixamorig:Spine/mixamorig:Spine1/mixamorig:Spine2/mixamorig:RightShoulder","mixamorig:Hips/mixamorig:Spine/mixamorig:Spine1/mixamorig:Spine2/mixamorig:RightShoulder/mixamorig:RightArm","mixamorig:Hips/mixamorig:RightUpLeg/mixamorig:RightLeg","mixamorig:Hips/mixamorig:RightUpLeg/mixamorig:RightLeg/mixamorig:RightFoot","mixamorig:Hips/mixamorig:RightUpLeg/mixamorig:RightLeg/mixamorig:RightFoot/mixamorig:RightToeBase","mixamorig:Hips/mixamorig:Spine/mixamorig:Spine1/mixamorig:Spine2/mixamorig:RightShoulder/mixamorig:RightArm/mixamorig:RightForeArm","mixamorig:Hips/mixamorig:Spine/mixamorig:Spine1/mixamorig:Spine2/mixamorig:RightShoulder/mixamorig:RightArm/mixamorig:RightForeArm/mixamorig:RightHand/mixamorig:RightHandIndex1","mixamorig:Hips/mixamorig:Spine/mixamorig:Spine1/mixamorig:Spine2/mixamorig:RightShoulder/mixamorig:RightArm/mixamorig:RightForeArm/mixamorig:RightHand/mixamorig:RightHandIndex1/mixamorig:RightHandIndex2","mixamorig:Hips/mixamorig:Spine/mixamorig:Spine1/mixamorig:Spine2/mixamorig:RightShoulder/mixamorig:RightArm/mixamorig:RightForeArm/mixamorig:RightHand","mixamorig:Hips/mixamorig:Spine/mixamorig:Spine1/mixamorig:Spine2/mixamorig:RightShoulder/mixamorig:RightArm/mixamorig:RightForeArm/mixamorig:RightHand/mixamorig:RightHandIndex1/mixamorig:RightHandIndex2/mixamorig:RightHandIndex3"],[[[7,1,0,0,0,0,1,-7.703719777548943e-34,0,0,7.703719777548943e-34,1,0,-2.437830062262947e-7,-0.01601874828338623,-0.0002592383825685829,1],[7,1,0,0,0,0,1,-7.703719777548943e-34,0,0,7.703719777548943e-34,1,0,-2.437830062262947e-7,-0.02001623809337616,0.000038221958675421774,1],[7,1,0,0,0,0,0.9988366365432739,0.048221949487924576,0,0,-0.048221949487924576,0.9988366365432739,0,-2.437830062262947e-7,-0.01396727655082941,-0.0010313921375200152,1],[7,-0.9980869889259338,0.06182504817843437,1.0211855666630854e-11,0,-0.06181995943188667,-0.9980048537254333,0.012828534469008446,0,0.0007931247819215059,0.012803993187844753,0.9999176859855652,0,0.002203863114118576,0.008418372832238674,-0.0007515033357776701,1],[7,-0.9980871677398682,-0.06182278320193291,-1.4147512154838449e-11,0,0.061815425753593445,-0.9979683756828308,0.01542698871344328,0,-0.0009537393925711513,0.015397478826344013,0.9998809695243835,0,-0.002203236799687147,0.008416461758315563,-0.0007716162363067269,1],[7,1,0,0,0,0,1,0,0,0,0,1,0,-2.437830062262947e-7,-0.009292131289839745,-0.0005839867517352104,1],[7,-0.00768553651869297,0.9472510814666748,-0.3204002380371094,0,-0.04812212288379669,-0.3203888237476349,-0.9460630416870117,0,-0.9988119006156921,0.008147338405251503,0.04804609343409538,0,0.0010299874702468514,0.004207079764455557,0.015146464109420776,1],[7,-0.0669172927737236,0.9897844791412354,-0.1258917599916458,0,-0.027988852933049202,-0.1279870718717575,-0.9913808107376099,0,-0.9973658919334412,-0.06281695514917374,0.0362674817442894,0,0.0008803008240647614,-0.0006427440093830228,0.015325222164392471,1],[7,1,0,0,0,0,0.9988366365432739,0.048221949487924576,0,0,-0.048221949487924576,0.9988366365432739,0,-2.437830062262947e-7,-0.012171423062682152,-0.0010313921375200152,1],[7,1,0,0,0,0,0.9988366365432739,0.04822195693850517,0,0,-0.04822195693850517,0.9988366365432739,0,-2.437830062262947e-7,-0.010600050911307335,-0.0010313921375200152,1],[7,-0.9989725351333618,0.04530734941363335,-0.0010622732806950808,0,-0.045316070318222046,-0.9983152151107788,0.036238495260477066,0,0.0005813866737298667,0.036249399185180664,0.9993426203727722,0,0.00213217968121171,0.004335789941251278,-0.0008533665095455945,1],[7,-0.998620867729187,0.051512446254491806,-0.010138520039618015,0,-0.04429805651307106,-0.7230905890464783,0.6893312931060791,0,0.028178073465824127,0.688829779624939,0.724375307559967,0,0.0021078006830066442,0.0003718386869877577,-0.0015459874412044883,1],[7,-0.9873383641242981,-0.06339716166257858,-0.14540912210941315,0,-0.14049558341503143,-0.07609684020280838,0.9871525764465332,0,-0.07364784926176071,0.9950829744338989,0.06622631102800369,0,0.0023037130013108253,-0.0015388939063996077,-0.0002651205868460238,1],[7,0.03135954216122627,0.9987403750419617,-0.03916916251182556,0,-0.04051697999238968,-0.03788598254323006,-0.9984603524208069,0,-0.9986866116523743,0.032898273319005966,0.039277855306863785,0,0.0005951403873041272,-0.004233077634125948,0.015013929456472397,1],[7,0.01419273391366005,0.9993537068367004,-0.03302653506398201,0,-0.039859965443611145,-0.032438136637210846,-0.9986786246299744,0,-0.9991044998168945,0.015490415506064892,0.039373818784952164,0,0.0007218501414172351,-0.007459739688783884,0.014968355186283588,1],[7,-0.13179972767829895,0.9912283420562744,-0.009759738110005856,0,-0.03469938039779663,-0.014452986419200897,-0.9992932677268982,0,-0.9906688332557678,-0.13136792182922363,0.03629991039633751,0,0.0018891093786805868,-0.00820913352072239,0.014779715798795223,1],[7,-0.13179972767829895,0.9912283420562744,-0.009759738110005856,0,-0.03469938039779663,-0.014452986419200897,-0.9992932677268982,0,-0.9906688332557678,-0.13136792182922363,0.03629991039633751,0,0.0018891093786805868,-0.008570156991481781,0.014779715798795223,1],[7,-0.13179972767829895,0.9912283420562744,-0.009759738110005856,0,-0.03469938039779663,-0.014452986419200897,-0.9992932677268982,0,-0.9906688332557678,-0.13136792182922363,0.03629991039633751,0,0.0019814393017441034,-0.009124443866312504,0.014758476987481117,1],[7,-0.024857113137841225,-0.9472511410713196,0.3195267617702484,0,0.04809949919581413,-0.3203885853290558,-0.946064293384552,0,0.9985331892967224,-0.008147349581122398,0.05352624133229256,0,-0.001029563369229436,0.004211761523038149,0.015144906006753445,1],[7,-0.0277333315461874,-0.9915141463279724,0.12700596451759338,0,0.0471264123916626,-0.12821044027805328,-0.9906266331672668,0,0.9985038638114929,-0.021488042548298836,0.05028221011161804,0,-0.0010223753051832318,-0.0006560352630913258,0.015314989723265171,1],[7,-0.9989733695983887,-0.0452558808028698,0.002015157602727413,0,0.04529533162713051,-0.9971795082092285,0.059844765812158585,0,-0.0006988538079895079,0.059874605387449265,0.9982056617736816,0,-0.002131514251232147,0.004313932731747627,-0.0009644720121286809,1],[7,-0.9986055493354797,-0.05224204808473587,0.0075992741622030735,0,0.043526917695999146,-0.7333213090896606,0.6784874796867371,0,-0.029872862622141838,0.6778721213340759,0.73457270860672,0,-0.0021024153102189302,0.000339264894137159,-0.0016030516708269715,1],[7,-0.9887745380401611,0.058805063366889954,0.1373567283153534,0,0.133135125041008,-0.07053975015878677,0.9885844588279724,0,0.0678228810429573,0.9957741498947144,0.06191888451576233,0,-0.0022964642848819494,-0.0016056053573265672,-0.0002790194994304329,1],[7,0.015027802437543869,-0.9991363286972046,0.03874010220170021,0,0.05260863155126572,-0.03790072724223137,-0.9978957176208496,0,0.9985021352767944,0.017034243792295456,0.051993630826473236,0,-0.0008986994507722557,-0.004232766106724739,0.014999261125922203,1],[7,-0.09083857387304306,-0.9949791431427002,0.04201039299368858,0,0.05130917206406593,-0.04680480808019638,-0.9975854158401489,0,0.9945429563522339,-0.08846371620893478,0.055303238332271576,0,-0.0017595327226445079,-0.007804744876921177,0.01505042053759098,1],[7,-0.09083857387304306,-0.9949791431427002,0.04201039299368858,0,0.05130917206406593,-0.04680480808019638,-0.9975854158401489,0,0.9945429563522339,-0.08846371620893478,0.055303238332271576,0,-0.0017595327226445079,-0.008163915015757084,0.01505042053759098,1],[7,-0.025492774322628975,-0.9996486306190491,-0.007265547756105661,0,0.05102875456213951,0.00595718203112483,-0.9986793994903564,0,0.9983717799186707,-0.0258298609405756,0.05085895583033562,0,-0.0011970618506893516,-0.008017249405384064,0.014645867049694061,1],[7,-0.09083857387304306,-0.9949791431427002,0.04201039299368858,0,0.05130917206406593,-0.04680480808019638,-0.9975854158401489,0,0.9945429563522339,-0.08846371620893478,0.055303238332271576,0,-0.0018128461670130491,-0.00871186051517725,0.015051103197038174,1]],8,8,8,8,8,8,8,8,8,8,8,8,8,8,8,8,8,8,8,8,8,8,8,8,8,8,8,8]]],0,0,[],[],[]],[[[14,".bin",2597122973,[{"primitives":[{"primitiveMode":7,"jointMapIndex":0,"vertexBundelIndices":[0],"indexView":{"offset":61704,"length":8556,"count":4278,"stride":2}}],"vertexBundles":[{"view":{"offset":0,"length":61704,"count":857,"stride":72},"attributes":[{"name":"a_position","format":32,"isNormalized":false},{"name":"a_normal","format":32,"isNormalized":false},{"name":"a_texCoord","format":21,"isNormalized":false},{"name":"a_tangent","format":44,"isNormalized":false},{"name":"a_joints","format":42,"isNormalized":false},{"name":"a_weights","format":44,"isNormalized":false}]}],"jointMaps":[[0,1,2,3,4,5,6,7,8,9,10,11,12,13,14,15,16,17,18,19,20,21,22,23,24,25,26,27]]},"minPosition",8,[1,-0.00985336396843195,0.0003898584982380271,-0.0076783690601587296],"maxPosition",8,[1,0.009853851050138474,0.032419852912425995,0.006702320650219917]]],-1],0,0,[],[],[]],[[[13,"Material.002",[{"rasterizerState":{},"blendState":{"targets":[{}]},"depthStencilState":{}}],[{"DCC_APP_NAME":2,"HAS_EXPORTED_METALLIC":true,"USE_ALBEDO_MAP":true}],[[[{"shininessExponent":25,"emissiveScale":1,"metallic":0,"specularFactor":0.25,"transparencyFactor":0},"mainColor",8,[4,4293388263],"emissive",8,[4,4278190080],"mainTexture",6,0]],11]]],0,0,[0,0],[8,7],[37,3]],[[[13,"Material.025",[{"rasterizerState":{},"blendState":{"targets":[{}]},"depthStencilState":{}}],[{"DCC_APP_NAME":2,"HAS_EXPORTED_METALLIC":true,"USE_ALBEDO_MAP":true}],[[[{"shininessExponent":25,"emissiveScale":1,"metallic":0,"specularFactor":0.25,"transparencyFactor":0},"mainColor",8,[4,4293388263],"emissive",8,[4,4278190080],"mainTexture",6,0]],11]]],0,0,[0,0],[8,7],[38,3]],[[[14,".bin",3507968568,[{"primitives":[{"primitiveMode":7,"vertexBundelIndices":[0],"indexView":{"offset":57600,"length":3600,"count":1800,"stride":2}}],"vertexBundles":[{"view":{"offset":0,"length":57600,"count":1200,"stride":48},"attributes":[{"name":"a_position","format":32,"isNormalized":false},{"name":"a_normal","format":32,"isNormalized":false},{"name":"a_texCoord","format":21,"isNormalized":false},{"name":"a_tangent","format":44,"isNormalized":false}]}]},"minPosition",8,[1,-0.013708974234759808,-0.04258285462856293,-0.004961465951055288],"maxPosition",8,[1,0.013670273125171661,0.017979152500629425,0.004932236857712269]]],-1],0,0,[],[],[]],[[[14,".bin",3795314085,[{"primitives":[{"primitiveMode":7,"vertexBundelIndices":[0],"indexView":{"offset":26544,"length":1716,"count":858,"stride":2}}],"vertexBundles":[{"view":{"offset":0,"length":26544,"count":553,"stride":48},"attributes":[{"name":"a_position","format":32,"isNormalized":false},{"name":"a_normal","format":32,"isNormalized":false},{"name":"a_texCoord","format":21,"isNormalized":false},{"name":"a_tangent","format":44,"isNormalized":false}]}]},"minPosition",8,[1,-0.014117483049631119,-0.016960160806775093,-0.006035540718585253],"maxPosition",8,[1,0.014117474667727947,0.016960162669420242,0.013876480981707573]]],-1],0,0,[],[],[]],[[[71,"Inter_24pt-Bold","Inter_24pt-Bold.ttf"],-1],0,0,[],[],[]],[[{"name":"ribbon_title_panel","rect":{"x":3,"y":0,"width":113,"height":102},"offset":{"x":1.5,"y":0},"originalSize":{"width":116,"height":102},"rotated":false,"capInsets":[44,0,46,0],"vertices":{"rawPosition":[-56.5,-51,0,56.5,-51,0,-56.5,51,0,56.5,51,0],"indexes":[0,1,2,2,1,3],"uv":[3,102,116,102,3,0,116,0],"nuv":[0.02586206896551724,0,1,0,0.02586206896551724,1,1,1],"minPos":{"x":-56.5,"y":-51,"z":0},"maxPos":{"x":56.5,"y":51,"z":0}},"packable":true,"pixelsToUnit":100,"pivot":{"x":0.5,"y":0.5},"meshType":0}],[7],0,[0],[13],[39]],[[[14,".bin",3698094768,[{"primitives":[{"primitiveMode":7,"vertexBundelIndices":[0],"indexView":{"offset":15312,"length":3432,"count":1716,"stride":2}}],"vertexBundles":[{"view":{"offset":0,"length":15312,"count":319,"stride":48},"attributes":[{"name":"a_position","format":32,"isNormalized":false},{"name":"a_normal","format":32,"isNormalized":false},{"name":"a_texCoord","format":21,"isNormalized":false},{"name":"a_tangent","format":44,"isNormalized":false}]}]},"minPosition",8,[1,-0.005222088657319546,-0.00107755942735821,-0.0013165283016860485],"maxPosition",8,[1,0.0052224393002688885,0.002054729964584112,0.009127999655902386]]],-1],0,0,[],[],[]],[[[58,[{"rasterizerState":{},"depthStencilState":{},"blendState":{"targets":[{}]}},{"rasterizerState":{},"depthStencilState":{},"blendState":{"targets":[{}]}},{"rasterizerState":{},"depthStencilState":{},"blendState":{"targets":[{}]}},{"rasterizerState":{},"depthStencilState":{},"blendState":{"targets":[{}]}}],[{"USE_ALBEDO_MAP":true},{},{},{}],[[[{},"mainTexture",6,0],{},{},{}],11,0,0,0]]],0,0,[0,0],[8,7],[17,3]],[[[14,".bin",104330088,[{"primitives":[{"primitiveMode":7,"vertexBundelIndices":[0],"indexView":{"offset":4032,"length":552,"count":276,"stride":2}}],"vertexBundles":[{"view":{"offset":0,"length":4032,"count":84,"stride":48},"attributes":[{"name":"a_position","format":32,"isNormalized":false},{"name":"a_normal","format":32,"isNormalized":false},{"name":"a_texCoord","format":21,"isNormalized":false},{"name":"a_tangent","format":44,"isNormalized":false}]}]},"minPosition",8,[1,-1.0410624742507935,0,-1.0410624742507935],"maxPosition",8,[1,1.0410624742507935,1,1.0410624742507935]]],-1],0,0,[],[],[]],[[[13,"colormap",[{"rasterizerState":{},"blendState":{"targets":[{}]},"depthStencilState":{}}],[{"USE_ALBEDO_MAP":true,"DCC_APP_NAME":0}],[[[{"albedoScale":1,"emissiveScale":1},"mainColor",8,[4,4294967295],"emissive",8,[4,4278190080],"mainTexture",6,0]],11]]],0,0,[0,0],[8,7],[40,3]],[[[14,".bin",2404650534,[{"primitives":[{"primitiveMode":7,"vertexBundelIndices":[0],"indexView":{"offset":12096,"length":936,"count":468,"stride":2}}],"vertexBundles":[{"view":{"offset":0,"length":12096,"count":252,"stride":48},"attributes":[{"name":"a_position","format":32,"isNormalized":false},{"name":"a_normal","format":32,"isNormalized":false},{"name":"a_texCoord","format":21,"isNormalized":false},{"name":"a_tangent","format":44,"isNormalized":false}]}]},"minPosition",8,[1,-0.25,0,-0.25],"maxPosition",8,[1,0.25,0.5,0.25]]],-1],0,0,[],[],[]],[[[13,"colormap",[{"rasterizerState":{},"blendState":{"targets":[{}]},"depthStencilState":{}}],[{"USE_ALBEDO_MAP":true,"DCC_APP_NAME":0}],[[[{"albedoScale":1,"emissiveScale":1},"mainColor",8,[4,4294967295],"emissive",8,[4,4278190080],"mainTe